Real:

Airlines:
0    299119
1    240264

Connect-4
2    44473
1    16635
0     6449

Covtype
1    283301
0    211840
2     35754
6     20510
5     17367
4      9493
3      2747

Elec
0    26075
1    19237

KDD 99
18    280790
9     107201
11     97277
0       2203
17      1589
5       1247
15      1040
21      1020
20       979
14       264
10       231
3         53
1         30
6         21
22        20
4         12
16        10
7          9
2          8
8          7
13         4
12         3
19         2

LED:
6    10182
1    10050
4    10027
5    10022
3    10015
2    10000
0     9983
9     9945
7     9904
8     9872

Powersupply:
20    1248
11    1247
10    1247
1     1247
2     1247
3     1247
4     1247
5     1247
6     1247
7     1247
8     1247
9     1247
0     1247
22    1247
12    1247
13    1247
14    1247
15    1247
16    1247
17    1247
18    1247
19    1247
21    1247
23    1246

Shuttle:
0    45586
3     8903
4     3267
2      171
1       49
6       13
5       10

BNG_zoo 
5    396504
1    196463
2    129112
4    100869
3     81387
6     52873
0     42792

BNG_bridges 1vsAll
0    850348
1    149652

BNG_bridges
3    423139
5    149652
0    122233
4    105088
1    104681
2     95207

BNG_hepatitis
1    792183
0    207817

BNG Lymph
2    543495
1    409672
0     30325
3     16508

Generated:

AGR_a
0    528300
1    471700

AGR_g
0    528266
1    471734

Mixed_balanced
1    500000
0    499999

Mixed_imbalanced
1    530471
0    469528

RBF_drift
0    501582
1    498417

RBF
0    501582
1    498417

SEA_a
1    599105
0    400895

SEA_g
1    599100
0    400900

Stagger
1    55093
0    44907

Waveform
0    333931
1    333185
2    332883

Waveform_drift
0    333932
1    333175
2    332892


